1.000000000000000000e+00 8.593096945190430347e+01 3.379779705047607763e+01
2.000000000000000000e+00 4.038722984695434803e+01 3.978139538574218648e+01
3.000000000000000000e+00 3.549581442260742392e+01 3.974777775955200099e+01
4.000000000000000000e+00 3.287942219924926945e+01 4.343262275314331333e+01
5.000000000000000000e+00 3.120173746871948239e+01 4.322078065872192099e+01
6.000000000000000000e+00 3.005351913070678549e+01 4.537208194351196511e+01
7.000000000000000000e+00 2.910048881912231522e+01 4.574992514801025578e+01
8.000000000000000000e+00 2.835761284255981352e+01 4.579036638641357371e+01
9.000000000000000000e+00 2.763747682571410991e+01 4.820473885345459308e+01
1.000000000000000000e+01 2.709276069259643549e+01 4.772290357971191099e+01
1.100000000000000000e+01 2.666290550994872888e+01 5.418506191635131586e+01
1.200000000000000000e+01 2.619673295974731531e+01 5.061911569595336857e+01
1.300000000000000000e+01 2.582728680038452040e+01 5.385225367355347004e+01
1.400000000000000000e+01 2.551643984222411987e+01 5.415405943679809297e+01
1.500000000000000000e+01 2.518981901931762835e+01 5.096057271194457883e+01
1.600000000000000000e+01 2.488127997589111473e+01 5.105115300750732388e+01
1.700000000000000000e+01 2.464201749038696221e+01 5.807232621383666782e+01
1.800000000000000000e+01 2.442582608032226688e+01 5.185739340591430846e+01
1.900000000000000000e+01 2.420104007339477548e+01 5.312507852554321630e+01
2.000000000000000000e+01 2.398856732749938914e+01 5.462757942199706918e+01
2.100000000000000000e+01 2.374246472930908070e+01 5.483124035644531347e+01
2.200000000000000000e+01 2.358805515289306598e+01 5.401838524246215911e+01
2.300000000000000000e+01 2.340294530105590809e+01 5.627147919464111681e+01
2.400000000000000000e+01 2.327316543579101449e+01 5.496603085708618153e+01
2.500000000000000000e+01 2.306746222686767567e+01 5.492796234130859290e+01
2.600000000000000000e+01 2.296666265106201266e+01 5.635610358047485136e+01
2.700000000000000000e+01 2.282382352638244782e+01 5.553988135910034174e+01
2.800000000000000000e+01 2.271364498901367313e+01 5.617995247459411701e+01
2.900000000000000000e+01 2.257856637954711942e+01 5.786926434707641675e+01
3.000000000000000000e+01 2.242335208892822251e+01 5.673226453781128242e+01
3.100000000000000000e+01 2.234291032409667821e+01 5.735588425064086948e+01
3.200000000000000000e+01 2.222711241531371940e+01 5.847040917205810473e+01
3.300000000000000000e+01 2.209212530708312983e+01 5.882407378768920836e+01
3.400000000000000000e+01 2.205573126983642496e+01 5.595178963851928700e+01
3.500000000000000000e+01 2.189827840423583893e+01 5.844850438499450718e+01
3.600000000000000000e+01 2.183817172050476074e+01 5.980206761360168599e+01
3.700000000000000000e+01 2.171373176193237242e+01 5.822376879501342728e+01
3.800000000000000000e+01 2.163315718841552737e+01 5.758574340057373320e+01
3.900000000000000000e+01 2.152643822860717648e+01 5.805338303756713714e+01
4.000000000000000000e+01 2.147082618141174493e+01 6.272684331130981406e+01
4.100000000000000000e+01 2.138354655647277980e+01 6.419552834510803052e+01
4.200000000000000000e+01 2.130286669158935453e+01 6.396605783653259181e+01
4.300000000000000000e+01 2.122129115486145068e+01 6.005586765098571789e+01
4.400000000000000000e+01 2.113554132461547752e+01 6.189857379913330249e+01
4.500000000000000000e+01 2.103697651290893589e+01 5.966005864715576479e+01
4.600000000000000000e+01 2.101336609840393166e+01 6.429749664306640966e+01
4.700000000000000000e+01 2.090612210655212522e+01 6.267201798629760390e+01
4.800000000000000000e+01 2.080327081108093168e+01 6.341740393066406511e+01
4.900000000000000000e+01 2.074245313072204766e+01 6.476094243621825797e+01
5.000000000000000000e+01 2.069594400978088444e+01 5.803347007560729764e+01
